
Object tree1.x 23.843468 0.487198 3.757826 0.050000 0.050000 0.050000 0.000000 0.000000 0.000000
Object tree1.x 26.916473 0.840643 5.212650 0.050000 0.050000 0.050000 0.000000 0.000000 0.000000
Object tree1.x 23.620275 0.419293 6.485358 0.050000 0.050000 0.050000 0.000000 0.000000 0.000000
Object tree1.x 25.972645 0.634931 10.667211 0.050000 0.050000 0.050000 0.000000 0.000000 0.000000
Object tree1.x 15.127003 0.014805 31.570381 0.050000 0.050000 0.050000 0.000000 0.000000 0.000000
Object tree1.x 6.323536 -0.225550 34.614349 0.050000 0.050000 0.050000 0.000000 0.000000 0.000000
Object tree1.x -4.956809 -0.446247 38.242046 0.050000 0.050000 0.050000 0.000000 0.000000 0.000000
Object tree1.x -13.990818 -0.294469 35.910244 0.050000 0.050000 0.050000 0.000000 0.000000 0.000000
Object tree1.x -19.508898 -0.256018 28.685499 0.050000 0.050000 0.050000 0.000000 0.000000 0.000000
Object tree1.x -27.189083 -0.002808 25.645412 0.050000 0.050000 0.050000 0.000000 0.000000 0.000000
Object tree1.x -26.788820 -0.241139 17.682060 0.050000 0.050000 0.050000 0.000000 0.000000 0.000000
Object tree1.x -30.948223 -0.136012 1.687375 0.050000 0.050000 0.050000 0.000000 0.000000 0.000000
Object tree1.x -30.063663 0.515051 -8.921387 0.050000 0.050000 0.050000 0.000000 0.000000 0.900000
Object tree1.x -11.176200 1.629359 -22.832495 0.050000 0.050000 0.050000 0.480000 0.000000 0.180000